+17676140335
+17676141390
+17676141817
+17676146236
+17676142035
+17676144568
+17676144742
+17676149803
+17676148155
+17676140278
+17676144042
+17676147474
+17676140055
+17676140531
+17676143678
+17676143308
+17676145633
+17676140699
+17676143413
+17676146310
+17676144317
+17676145233
+17676145699
+17676142466
+17676145499
+17676142355
+17676142019
+17676148126
+17676143313
+17676149463
+17676147470
+17676144314
+17676141840
+17676146423
+17676140102
+17676141572
+17676148944
+17676146409
+17676141432
+17676146359
+17676144063
+17676142981
+17676140902
+17676146971
+17676140790
+17676144048
+17676142125
+17676141025
+17676146720
+17676145599
+17676140374
+17676144368
+17676149061
+17676148411
+17676143201
+17676143526
+17676144612
+17676146288
+17676141600
+17676143766
+17676145334
+17676144057
+17676141342
+17676140527
+17676149809
+17676144709
+17676147960
+17676148652
+17676145951
+17676143094
+17676140049
+17676148800
+17676140475
+17676145684
+17676149717
+17676141803
+17676147512
+17676141885
+17676145593
+17676141083
+17676143645
+17676143826
+17676148964
+17676147056
+17676146961
+17676142288
+17676143658
+17676145481
+17676142964
+17676140122
+17676140328
+17676149965
+17676140085
+17676149531
+17676140952
+17676144492
+17676149691
+17676149936
+17676146644
+17676149035
+17676144226
+17676145737
+17676141924
+17676144924
+17676143186
+17676141168
+17676148162
+17676147091
+17676141649
+17676146265
+17676146747
+17676148149
+17676141616
+17676140204
+17676146561
+17676145060
+17676144882
+17676141275
+17676141331
+17676142613
+17676149089
+17676148633
+17676144388
+17676146371
+17676145084
+17676146709
+17676143217
+17676141136
+17676146002
+17676140412
+17676140584
+17676148568
+17676141555
+17676149644
+17676149984
+17676140227
+17676142536
+17676144493
+17676143356
+17676147961
+17676141673
+17676142086
+17676143238
+17676144638
+17676147739
+17676149485
+17676141095
+17676140759
+17676146308
+17676149719
+17676140255
+17676144372
+17676140759
+17676141454
+17676147044
+17676144702
+17676142483
+17676146071
+17676148599
+17676146773
+17676141891
+17676142015
+17676146975
+17676147406
+17676147836
+17676144571
+17676140759
+17676141189
+17676145272
+17676149260
+17676149584
+17676147297
+17676140168
+17676146687
+17676141680
+17676144419
+17676143676
+17676147975
+17676140686
+17676142782
+17676145500
+17676147489
+17676146901
+17676144344
+17676143898
+17676144841
+17676145867
+17676148323
+17676142422
+17676143691
+17676149629
+17676145580
+17676142528
+17676149862
+17676146968
+17676149647
+17676141861
+17676141996
+17676144680
+17676148721
+17676143490
+17676143174
+17676145070
+17676149513
+17676149022
+17676140265
+17676142553
+17676146645
+17676141633
+17676145580
+17676148363
+17676142372
+17676142001
+17676143541
+17676140005
+17676140276
+17676141706
+17676149214
+17676141725
+17676145019
+17676144808
+17676148614
+17676147121
+17676143221
+17676149294
+17676149191
+17676144118
+17676141895
+17676147694
+17676143045
+17676145162
+17676140378
+17676144759
+17676144094
+17676147076
+17676141439
+17676148454
+17676143206
+17676144619
+17676147964
+17676144606
+17676149210
+17676148143
+17676142671
+17676142171
+17676147848
+17676142458
+17676143340
+17676146164
+17676145178
+17676142488
+17676144106
+17676145009
+17676147218
+17676141194
+17676145656
+17676146372
+17676149025
+17676143061
+17676148585
+17676142021
+17676141380
+17676144316
+17676144649
+17676148831
+17676148894
+17676143406
+17676145290
+17676140827
+17676142708
+17676143851
+17676146814
+17676144389
+17676142261
+17676141755
+17676146395
+17676142556
+17676149959
+17676145185
+17676148264
+17676149005
+17676140082
+17676142587
+17676143987
+17676147661
+17676148651
+17676140273
+17676142735
+17676144507
+17676143485
+17676144419
+17676145764
+17676143856
+17676149091
+17676148553
+17676142346
+17676146119
+17676147674
+17676147732
+17676146940
+17676144191
+17676144592
+17676145512
+17676146208
+17676141075
+17676148044
+17676141456
+17676149728
+17676148498
+17676149236
+17676144469
+17676141782
+17676143360
+17676148063
+17676143332
+17676145978
+17676148293
+17676148833
+17676143530
+17676144648
+17676145402
+17676145389
+17676148467
+17676148829
+17676148842
+17676149050
+17676140564
+17676144682
+17676141753
+17676143852
+17676147973
+17676149692
+17676140955
+17676148496
+17676145506
+17676143829
+17676144038
+17676144117
+17676140358
+17676143967
+17676147784
+17676146372
+17676140314
+17676141945
+17676140163
+17676148671
+17676148019
+17676140421
+17676140407
+17676142304
+17676148308
+17676144737
+17676147439
+17676140554
+17676143490
+17676146574
+17676145003
+17676142840
+17676141977
+17676142543
+17676148952
+17676145134
+17676149831
+17676148524
+17676148969
+17676147657
+17676146353
+17676149520
+17676142095
+17676149159
+17676141684
+17676140804
+17676148529
+17676147684
+17676149572
+17676144620
+17676149281
+17676147144
+17676140813
+17676145972
+17676148059
+17676146423
+17676145243
+17676145484
+17676149052
+17676141390
+17676140035
+17676149416
+17676146609
+17676147576
+17676148015
+17676142448
+17676144336
+17676147958
+17676141738
+17676141982
+17676149163
+17676142061
+17676141219
+17676145339
+17676142742
+17676147478
+17676142545
+17676146747
+17676146498
+17676147096
+17676144233
+17676143615
+17676142566
+17676143686
+17676148866
+17676147360
+17676143791
+17676144845
+17676142588
+17676149193
+17676146767
+17676146864
+17676146380
+17676144476
+17676141417
+17676146345
+17676140794
+17676144739
+17676146825
+17676146995
+17676143036
+17676149406
+17676146921
+17676141487
+17676143104
+17676145038
+17676145474
+17676143819
+17676140971
+17676144805
+17676147197
+17676144796
+17676141582
+17676148948
+17676143651
+17676140467
+17676142881
+17676145758
+17676147226
+17676143463
+17676141326
+17676147901
+17676142833
+17676143218
+17676145774
+17676142787
+17676142024
+17676140854
+17676140546
+17676148552
+17676144568
+17676146408
+17676147764
+17676140450
+17676148898
+17676144707
+17676143592
+17676149629
+17676147200
+17676146569
+17676142918
+17676140067
+17676145128
+17676147659
+17676146663
+17676140930
+17676147921
+17676144746
+17676143167
+17676147804
+17676148061
+17676148986
+17676141758
+17676148087
+17676149476
+17676149260
+17676148920
+17676146883
+17676145858
+17676141024
+17676147523
+17676147530
+17676148123
+17676148755
+17676149765
+17676143615
+17676144136
+17676144882
+17676148572
+17676149642
+17676146959
+17676146937
+17676149319
+17676141783
+17676149840
+17676147176
+17676140359
+17676144690
+17676148986
+17676148304
+17676141059
+17676140486
+17676142281
+17676140234
+17676148652
+17676141390
+17676145610
+17676145814
+17676144726
+17676140647
+17676144046
+17676142870
+17676148325
+17676147513
+17676141249
+17676142392
+17676147969
+17676141581
+17676144497
+17676143878
+17676146646
+17676147032
+17676148493
+17676143842
+17676143089
+17676145058
+17676148223
+17676149296
+17676144635
+17676144002
+17676142222
+17676144264
+17676140888
+17676145674
+17676144491
+17676143228
+17676140175
+17676146318
+17676143844
+17676148251
+17676143387
+17676146413
+17676142506
+17676141246
+17676146223
+17676145617
+17676149661
+17676140835
+17676143077
+17676148043
+17676144219
+17676146611
+17676141164
+17676149575
+17676148416
+17676143167
+17676146261
+17676149817
+17676145702
+17676143017
+17676144729
+17676143389
+17676149981
+17676141934
+17676148502
+17676141439
+17676145446
+17676141634
+17676148899
+17676149735
+17676142866
+17676140058
+17676146730
+17676142192
+17676146885
+17676140950
+17676146846
+17676146081
+17676145678
+17676148323
+17676143633
+17676144812
+17676148107
+17676141705
+17676145577
+17676146981
+17676142650
+17676145988
+17676149759
+17676143669
+17676144280
+17676141457
+17676149270
+17676143122
+17676141601
+17676142899
+17676140965
+17676148930
+17676140156
+17676148635
+17676147062
+17676140309
+17676147437
+17676142364
+17676143064
+17676141843
+17676147384
+17676145443
+17676146134
+17676142217
+17676143475
+17676145873
+17676149381
+17676142797
+17676147655
+17676143978
+17676146813
+17676147370
+17676149902
+17676144153
+17676147364
+17676146084
+17676142551
+17676145648
+17676141101
+17676140761
+17676141757
+17676141967
+17676147660
+17676140800
+17676147756
+17676146753
+17676147456
+17676142305
+17676143659
+17676142415
+17676142049
+17676146294
+17676145311
+17676140113
+17676143779
+17676145211
+17676142470
+17676144351
+17676143321
+17676144821
+17676142936
+17676144979
+17676145341
+17676144115
+17676147253
+17676146130
+17676141351
+17676144282
+17676145505
+17676149685
+17676147653
+17676146071
+17676146926
+17676146845
+17676142371
+17676145674
+17676140283
+17676149188
+17676145540
+17676141300
+17676140540
+17676148990
+17676143446
+17676143073
+17676143459
+17676143155
+17676148942
+17676141843
+17676141937
+17676149490
+17676147072
+17676146379
+17676148924
+17676149599
+17676143709
+17676144698
+17676146764
+17676145971
+17676144015
+17676141404
+17676142277
+17676146365
+17676145571
+17676148871
+17676147460
+17676144832
+17676140464
+17676149308
+17676147819
+17676148902
+17676143610
+17676141562
+17676145335
+17676148684
+17676143485
+17676147469
+17676149835
+17676148260
+17676149126
+17676142689
+17676145571
+17676141213
+17676145679
+17676143764
+17676148627
+17676145683
+17676143358
+17676149971
+17676143478
+17676145938
+17676146235
+17676143002
+17676149186
+17676141239
+17676148186
+17676144692
+17676144072
+17676144043
+17676148303
+17676144005
+17676142452
+17676143697
+17676149110
+17676144934
+17676147603
+17676141795
+17676142864
+17676144449
+17676147402
+17676148781
+17676148589
+17676143686
+17676142925
+17676144396
+17676141473
+17676148593
+17676145626
+17676148030
+17676148095
+17676146517
+17676145664
+17676145178
+17676145364
+17676144419
+17676146528
+17676149011
+17676141662
+17676147063
+17676140655
+17676142688
+17676145049
+17676141846
+17676149515
+17676144127
+17676147926
+17676147234
+17676149765
+17676147758
+17676141196
+17676146117
+17676140443
+17676141232
+17676141928
+17676149103
+17676147194
+17676140472
+17676140661
+17676142303
+17676142848
+17676148038
+17676148380
+17676141228
+17676141038
+17676140950
+17676142141
+17676145321
+17676146838
+17676147320
+17676148811
+17676140759
+17676149769
+17676140959
+17676144410
+17676149653
+17676147292
+17676147327
+17676141781
+17676149528
+17676140930
+17676140495
+17676147724
+17676142052
+17676146613
+17676147749
+17676142219
+17676141190
+17676145481
+17676143575
+17676149862
+17676149018
+17676140292
+17676145361
+17676142587
+17676146840
+17676148455
+17676147657
+17676146235
+17676145548
+17676147723
+17676148547
+17676143065
+17676148964
+17676144374
+17676144190
+17676149077
+17676145802
+17676144014
+17676142430
+17676141879
+17676141914
+17676148227
+17676142374
+17676147508
+17676143706
+17676140216
+17676142260
+17676147912
+17676145483
+17676145687
+17676143761
+17676146458
+17676147578
+17676145743
+17676147488
+17676148903
+17676147340
+17676145983
+17676141287
+17676141144
+17676141552
+17676140055
+17676148287
+17676142207
+17676147843
+17676143285
+17676144538
+17676144287
+17676149897
+17676145837
+17676140412
+17676143179
+17676142294
+17676145762
+17676146889
+17676145126
+17676145544
+17676147530
+17676142722
+17676144240
+17676141731
+17676148238
+17676143464
+17676142836
+17676143187
+17676148084
+17676147636
+17676140941
+17676144919
+17676147674
+17676141257
+17676146479
+17676141318
+17676146718
+17676143649
+17676146579
+17676148742
+17676140641
+17676144469
+17676141253
+17676142845
+17676149063
+17676147048
+17676140771
+17676144044
+17676148700
+17676146576
+17676143463
+17676148239
+17676144090
+17676141132
+17676141197
+17676140842
+17676140370
+17676147709
+17676141149
+17676145676
+17676149924
+17676143922
+17676149645
+17676143579
+17676146460
+17676147573
+17676145343
+17676143317
+17676146962
+17676147879
+17676146564
+17676145981
+17676148424
+17676140443
+17676149468
+17676142636
+17676144012
+17676141971
+17676146706
+17676140599
+17676148174
+17676149944
+17676143173
+17676141687
+17676148868
+17676148168
+17676144920
+17676140628
+17676145080
+17676146558
+17676147609
+17676149371
+17676141295
+17676144657
+17676147683
+17676146903
+17676142915
+17676143771
+17676142748
+17676148918
+17676144660
+17676143117
+17676149044
+17676143186
+17676141294
+17676140434
+17676146981
+17676149277
+17676145693
+17676146078
+17676140078
+17676140265
+17676146208
+17676146380
+17676148456
+17676147166
+17676145302
+17676143748
+17676144953
+17676147852
+17676147431
+17676143148
+17676145893
+17676143324
+17676142153
+17676145952
+17676146552
+17676141545
+17676149573
+17676142840
+17676144949
+17676140357
+17676140827
+17676145603
+17676142812
+17676142671
+17676149694
+17676148873
+17676141869
+17676146718
+17676143878
+17676148548
+17676143837
+17676149943
+17676148315
+17676144697
+17676140811
+17676148531
+17676141760
+17676141750
+17676142747
+17676148867
+17676154343
+17676155672
+17676151244
+17676154593
+17676151205
+17676153783
+17676157838
+17676154090
+17676153321
+17676158386
+17676159887
+17676151639
+17676151523
+17676151665
+17676157721
+17676156670
+17676156629
+17676154067
+17676150295
+17676154520
+17676156394
+17676153587
+17676150250
+17676150072
+17676155475
+17676155083
+17676154773
+17676156307
+17676156638
+17676159808
+17676152858
+17676154450
+17676158230
+17676157986
+17676151992
+17676156264
+17676155717
+17676155462
+17676157575
+17676155670
+17676152318
+17676157775
+17676153307
+17676153012
+17676158305
+17676158349
+17676155843
+17676157424
+17676159978
+17676150611
+17676155492
+17676159359
+17676151949
+17676152506
+17676156495
+17676153236
+17676158016
+17676154656
+17676156091
+17676159024
+17676158517
+17676152199
+17676158684
+17676159037
+17676159650
+17676155874
+17676155610
+17676154075
+17676153391
+17676157396
+17676151038
+17676159580
+17676155428
+17676157069
+17676153282
+17676154101
+17676159348
+17676151352
+17676154272
+17676157276
+17676150529
+17676152976
+17676159652
+17676150503
+17676159894
+17676159699
+17676156897
+17676158947
+17676157553
+17676159354
+17676153624
+17676159018
+17676159379
+17676156252
+17676155569
+17676151937
+17676151537
+17676157585
+17676154808
+17676154363
+17676155538
+17676151155
+17676158772
+17676157049
+17676159500
+17676152334
+17676150604
+17676155261
+17676158079
+17676157689
+17676151715
+17676157986
+17676150641
+17676158813
+17676151692
+17676150766
+17676155697
+17676152681
+17676152087
+17676151247
+17676158483
+17676153683
+17676157727
+17676156262
+17676152793
+17676154304
+17676158870
+17676156612
+17676156024
+17676159278
+17676154067
+17676158670
+17676159406
+17676159185
+17676158770
+17676153606
+17676157102
+17676159914
+17676155026
+17676150604
+17676158016
+17676154511
+17676154171
+17676152540
+17676150201
+17676158052
+17676155763
+17676159631
+17676155387
+17676156509
+17676159647
+17676152702
+17676157874
+17676154550
+17676152808
+17676158435
+17676152081
+17676151602
+17676155274
+17676158509
+17676155776
+17676150638
+17676154732
+17676153254
+17676153266
+17676157134
+17676156179
+17676159004
+17676150773
+17676155488
+17676151976
+17676157369
+17676157305
+17676155130
+17676158725
+17676158467
+17676156750
+17676154216
+17676151315
+17676154445
+17676152602
+17676157820
+17676152063
+17676155004
+17676155907
+17676151045
+17676158093
+17676154922
+17676156578
+17676150809
+17676153242
+17676150517
+17676152397
+17676152321
+17676151501
+17676159627
+17676159546
+17676156840
+17676158706
+17676150398
+17676158340
+17676153700
+17676155181
+17676153302
+17676152083
+17676156136
+17676151493
+17676156590
+17676159517
+17676158255
+17676158146
+17676155659
+17676157072
+17676158222
+17676151187
+17676156396
+17676152313
+17676158741
+17676152373
+17676158405
+17676152670
+17676153911
+17676151570
+17676153079
+17676150573
+17676154272
+17676155344
+17676155440
+17676151427
+17676153663
+17676156103
+17676151060
+17676154750
+17676155929
+17676154784
+17676159477
+17676151285
+17676153677
+17676151208
+17676150684
+17676150138
+17676154784
+17676154602
+17676152191
+17676158346
+17676151933
+17676159823
+17676154308
+17676156870
+17676153484
+17676159538
+17676159959
+17676153926
+17676158412
+17676150953
+17676159329
+17676150546
+17676157619
+17676159994
+17676156414
+17676154645
+17676159975
+17676157621
+17676151943
+17676150838
+17676154171
+17676155052
+17676158951
+17676153687
+17676152798
+17676158020
+17676150262
+17676154759
+17676154623
+17676151674
+17676152353
+17676158843
+17676156132
+17676150840
+17676155513
+17676152900
+17676157323
+17676154815
+17676158045
+17676157176
+17676154011
+17676159073
+17676154526
+17676156280
+17676159182
+17676154089
+17676153807
+17676159501
+17676150582
+17676150740
+17676159505
+17676155280
+17676151343
+17676152175
+17676158735
+17676154933
+17676155796
+17676158238
+17676153012
+17676153279
+17676158919
+17676156391
+17676154496
+17676150313
+17676150299
+17676158400
+17676154640
+17676155405
+17676158682
+17676155657
+17676155485
+17676150247
+17676157042
+17676157591
+17676159397
+17676151594
+17676150498
+17676150981
+17676151622
+17676154210
+17676158474
+17676151012
+17676156229
+17676158325
+17676159778
+17676153115
+17676151005
+17676152489
+17676154205
+17676158944
+17676153851
+17676158078
+17676155215
+17676155038
+17676155405
+17676151866
+17676151413
+17676153474
+17676158826
+17676151022
+17676154397
+17676154765
+17676151325
+17676158048
+17676154082
+17676155492
+17676151054
+17676157939
+17676159310
+17676152078
+17676151366
+17676156933
+17676153331
+17676152933
+17676150621
+17676152896
+17676159373
+17676152100
+17676158851
+17676152094
+17676153164
+17676155460
+17676159810
+17676153084
+17676151700
+17676153808
+17676157520
+17676153951
+17676158496
+17676158102
+17676152159
+17676159335
+17676151612
+17676151287
+17676156678
+17676157043
+17676150487
+17676156604
+17676159863
+17676150728
+17676152955
+17676150970
+17676157388
+17676157572
+17676159594
+17676155708
+17676153088
+17676158734
+17676150514
+17676153191
+17676151322
+17676156392
+17676154100
+17676153574
+17676153032
+17676155190
+17676159889
+17676158415
+17676159008
+17676150114
+17676152637
+17676151272
+17676158072
+17676155360
+17676154419
+17676155896
+17676150956
+17676156608
+17676153671
+17676156654
+17676151370
+17676158967
+17676159927
+17676153014
+17676157059
+17676156890
+17676151180
+17676153064
+17676157089
+17676153213
+17676159205
+17676155414
+17676157333
+17676159955
+17676151294
+17676154047
+17676150761
+17676155281
+17676151731
+17676153756
+17676157082
+17676155273
+17676159260
+17676151825
+17676157184
+17676150839
+17676158068
+17676150625
+17676153383
+17676153172
+17676159297
+17676153002
+17676158877
+17676158672
+17676154628
+17676158582
+17676150082
+17676159592
+17676157234
+17676158955
+17676155692
+17676150603
+17676151589
+17676159405
+17676151128
+17676155916
+17676152824
+17676150088
+17676151063
+17676156689
+17676154869
+17676151416
+17676156782
+17676154509
+17676152253
+17676158511
+17676150532
+17676151128
+17676159644
+17676155545
+17676152765
+17676154765
+17676154323
+17676158733
+17676151026
+17676150854
+17676155709
+17676157599
+17676158583
+17676155285
+17676150676
+17676150823
+17676157076
+17676158085
+17676150100
+17676156742
+17676154779
+17676159031
+17676152869
+17676159610
+17676158602
+17676158263
+17676158196
+17676158995
+17676153399
+17676156395
+17676155996
+17676151875
+17676156024
+17676152846
+17676155144
+17676157926
+17676156528
+17676150214
+17676153241
+17676158818
+17676158216
+17676151350
+17676150295
+17676158475
+17676157217
+17676159355
+17676153929
+17676153530
+17676157755
+17676159095
+17676155500
+17676157461
+17676150059
+17676151334
+17676157048
+17676151968
+17676151512
+17676154444
+17676158674
+17676153767
+17676156758
+17676152395
+17676151712
+17676154185
+17676151269
+17676154892
+17676159039
+17676154474
+17676157291
+17676156323
+17676151179
+17676153339
+17676158618
+17676154498
+17676150372
+17676156936
+17676150505
+17676153191
+17676157876
+17676153124
+17676150081
+17676158348
+17676153811
+17676159469
+17676154922
+17676151376
+17676155746
+17676151326
+17676156331
+17676150751
+17676153599
+17676153654
+17676156680
+17676159362
+17676159803
+17676152384
+17676151978
+17676154767
+17676159068
+17676151118
+17676158650
+17676156293
+17676155374
+17676155813
+17676156206
+17676150520
+17676151001
+17676151327
+17676159033
+17676159358
+17676159401
+17676157899
+17676159325
+17676158984
+17676156618
+17676154464
+17676151405
+17676159659
+17676158548
+17676150454
+17676155877
+17676156513
+17676152101
+17676159951
+17676152271
+17676152238
+17676151718
+17676157003
+17676152998
+17676158055
+17676154847
+17676157684
+17676159567
+17676154649
+17676159256
+17676153797
+17676154877
+17676151535
+17676150518
+17676159518
+17676158788
+17676156362
+17676156077
+17676158550
+17676158953
+17676153590
+17676152203
+17676158355
+17676158523
+17676158129
+17676152507
+17676151360
+17676150530
+17676153529
+17676154727
+17676158288
+17676157799
+17676153677
+17676152316
+17676158281
+17676152065
+17676153316
+17676152671
+17676156689
+17676153414
+17676153855
+17676150193
+17676150145
+17676151696
+17676153223
+17676151687
+17676156674
+17676154206
+17676158826
+17676153663
+17676150778
+17676150397
+17676153992
+17676155597
+17676156709
+17676152861
+17676152190
+17676157704
+17676157079
+17676159338
+17676152956
+17676157957
+17676157217
+17676150096
+17676154657
+17676157990
+17676156220
+17676150766
+17676155287
+17676157431
+17676153395
+17676156153
+17676155961
+17676155898
+17676158822
+17676158933
+17676153128
+17676150589
+17676151531
+17676154713
+17676157582
+17676151306
+17676154924
+17676150394
+17676154583
+17676154514
+17676152436
+17676151050
+17676150975
+17676156105
+17676155970
+17676158941
+17676150079
+17676157250
+17676157692
+17676152435
+17676158454
+17676158617
+17676154344
+17676158550
+17676150643
+17676158341
+17676155819
+17676151165
+17676152506
+17676159581
+17676153046
+17676154895
+17676159090
+17676155094
+17676155217
+17676159390
+17676152358
+17676158125
+17676153214
+17676157269
+17676153456
+17676159414
+17676158671
+17676153312
+17676157402
+17676153690
+17676152388
+17676155504
+17676157360
+17676156905
+17676156419
+17676159709
+17676150412
+17676156944
+17676157265
+17676152323
+17676156863
+17676152416
+17676156404
+17676151438
+17676155606
+17676152335
+17676152841
+17676158205
+17676156619
+17676155193
+17676157671
+17676150247
+17676156932
+17676150093
+17676158893
+17676156780
+17676153914
+17676155254
+17676155240
+17676154742
+17676159011
+17676152142
+17676154153
+17676157413
+17676158776
+17676157506
+17676157039
+17676159517
+17676152636
+17676158969
+17676151402
+17676153965
+17676153303
+17676152300
+17676155532
+17676154599
+17676153464
+17676157500
+17676157443
+17676156283
+17676153443
+17676155801
+17676150072
+17676159159
+17676159806
+17676158097
+17676158731
+17676156185
+17676150528
+17676154690
+17676155183
+17676152723
+17676158428
+17676157203
+17676156496
+17676155990
+17676158609
+17676155182
+17676158745
+17676155854
+17676157547
+17676152831
+17676159556
+17676157643
+17676158139
+17676156551
+17676156385
+17676150735
+17676150271
+17676158296
+17676159213
+17676155403
+17676154517
+17676150691
+17676154598
+17676156234
+17676158739
+17676155803
+17676152532
+17676158398
+17676156221
+17676150250
+17676157698
+17676157884
+17676157894
+17676151594
+17676155724
+17676154817
+17676158049
+17676151075
+17676155894
+17676159458
+17676151708
+17676152145
+17676151523
+17676159031
+17676156725
+17676150710
+17676152642
+17676156596
+17676157052
+17676159327
+17676153187
+17676153141
+17676156298
+17676150283
+17676152941
+17676159913
+17676151895
+17676153358
+17676150539
+17676152432
+17676159652
+17676152181
+17676154908
+17676154465
+17676157219
+17676158854
+17676155453
+17676155461
+17676159918
+17676159053
+17676157107
+17676150509
+17676151502
+17676154923
+17676157492
+17676156533
+17676154862
+17676156447
+17676157779
+17676152600
+17676155675
+17676158772
+17676159634
+17676154241
+17676156791
+17676159705
+17676155625
+17676156888
+17676153640
+17676159902
+17676154578
+17676159169
+17676159005
+17676157135
+17676154660
+17676153061
+17676151109
+17676151313
+17676153121
+17676157729
+17676159044
+17676150240
+17676154558
+17676153435
+17676150147
+17676159570
+17676154523
+17676152658
+17676151727
+17676157436
+17676158178
+17676152961
+17676151944
+17676152091
+17676154288
+17676157691
+17676152997
+17676157967
+17676155249
+17676150503
+17676152212
+17676157501
+17676155774
+17676158292
+17676150398
+17676157764
+17676157997
+17676156831
+17676158266
+17676159345
+17676152203
+17676157682
+17676157505
+17676152299
+17676159379
+17676154022
+17676150042
+17676159018
+17676157995
+17676158491
+17676150274
+17676153961
+17676154933
+17676153580
+17676155610
+17676153678
+17676158503
+17676152758
+17676153339
+17676156140
+17676153600
+17676158313
+17676157758
+17676156452
+17676158264
+17676158916
+17676156906
+17676150384
+17676153501
+17676154586
+17676159414
+17676151152
+17676156560
+17676157895
+17676152003
+17676159682
+17676155576
+17676154540
+17676156687
+17676153429
+17676150278
+17676152194
+17676158169
+17676158558
+17676152038
+17676159613
+17676152130
+17676157355
+17676150395
+17676158726
+17676151073
+17676158785
+17676156951
+17676151187
+17676153134
+17676156525
+17676158582
+17676154648
+17676159430
+17676153403
+17676157905
+17676156783
+17676159285
+17676151072
+17676150684
+17676150312
+17676151692
+17676151584
+17676151146
+17676154807
+17676152508
+17676156125
+17676154497
+17676152270
+17676159745
+17676151545
+17676157959
+17676156236
+17676159061
+17676155980
+17676157663
+17676157983
+17676150937
+17676156654
+17676155908
+17676150594
+17676151626
+17676152579
+17676151310
+17676156639
+17676162178
+17676167200
+17676167671
+17676161125
+17676162067
+17676160624
+17676163058
+17676163432
+17676163576
+17676165144
+17676160857
+17676160402
+17676168885
+17676169407
+17676169063
+17676161018
+17676166903
+17676160124
+17676165058
+17676168778
+17676164676
+17676165072
+17676167026
+17676162540
+17676165435
+17676160008
+17676162411
+17676169838
+17676168880
+17676166816
+17676166464
+17676165691
+17676163529
+17676162130
+17676162108
+17676168568
+17676163800
+17676162210
+17676160759
+17676163696
+17676162046
+17676162821
+17676167535
+17676163727
+17676168454
+17676164410
+17676162414
+17676166532
+17676162486
+17676161857
+17676169264
+17676168177
+17676166945
+17676165901
+17676169677
+17676167261
+17676169449
+17676163722
+17676164150
+17676160068
+17676161188
+17676169279
+17676164389
+17676167053
+17676161729
+17676166641
+17676164111
+17676160690
+17676167560
+17676164665
+17676166157
+17676166964
+17676165687
+17676166291
+17676166782
+17676169202
+17676164413
+17676168400
+17676165183
+17676161117
+17676161290
+17676162702
+17676163556
+17676162650
+17676165360
+17676169518
+17676164409
+17676165125
+17676165832
+17676166813
+17676167269
+17676166012
+17676165957
+17676168086
+17676161869
+17676163641
+17676167404
+17676168323
+17676165496
+17676167596
+17676167292
+17676161320
+17676164719
+17676166875
+17676165464
+17676164582
+17676161745
+17676164416
+17676163727
+17676163000
+17676166021
+17676163569
+17676163063
+17676161404
+17676167930
+17676169384
+17676164106
+17676168669
+17676168074
+17676168503
+17676168752
+17676169762
+17676161803
+17676162799
+17676162397
+17676161697
+17676166681
+17676168917
+17676169927
+17676163209
+17676165570
+17676164944
+17676162299
+17676161170
+17676161201
+17676163139
+17676161675
+17676161453
+17676163043
+17676161507
+17676163830
+17676169968
+17676160951
+17676165534
+17676162786
+17676161968
+17676163230
+17676163322
+17676167512
+17676161492
+17676165014
+17676166303
+17676169577
+17676165784
+17676167906
+17676162955
+17676164719
+17676168713
+17676167309
+17676166570
+17676168523
+17676167049
+17676162491
+17676166412
+17676164104
+17676165163
+17676165826
+17676161668
+17676168968
+17676161316
+17676167015
+17676160134
+17676169847
+17676161583
+17676166636
+17676164813
+17676166299
+17676165116
+17676165112
+17676169667
+17676169242
+17676166357
+17676165496
+17676162495
+17676166049
+17676166232
+17676169662
+17676165088
+17676161496
+17676162776
+17676163342
+17676165596
+17676162273
+17676163109
+17676165393
+17676168826
+17676162429
+17676163406
+17676167267
+17676161710
+17676165359
+17676168614
+17676162424
+17676169394
+17676166640
+17676160665
+17676165723
+17676161769
+17676163765
+17676162197
+17676161154
+17676163297
+17676160427
+17676166326
+17676162350
+17676164952
+17676166635
+17676164427
+17676165441
+17676167035
+17676167955
+17676166601
+17676163741
+17676164205
+17676163436
+17676166660
+17676167543
+17676168187
+17676164844
+17676169831
+17676161056
+17676162979
+17676167070
+17676166559
+17676167681
+17676164966
+17676163468
+17676161632
+17676165578
+17676163735
+17676167993
+17676161790
+17676165759
+17676165085
+17676160550
+17676165077
+17676168227
+17676163321
+17676166605
+17676167389
+17676161659
+17676169760
+17676161996
+17676165845
+17676160563
+17676169225
+17676168381
+17676162552
+17676163619
+17676166630
+17676165123
+17676167604
+17676161612
+17676165609
+17676163200
+17676169642
+17676161868
+17676167858
+17676164624
+17676169357
+17676167560
+17676164494
+17676164712
+17676166831
+17676160937
+17676162232
+17676167733
+17676165795
+17676163072
+17676161104
+17676160178
+17676163253
+17676161535
+17676160550
+17676163132
+17676164984
+17676163658
+17676168719
+17676162803
+17676168856
+17676163980
+17676164465
+17676163752
+17676169779
+17676168860
+17676167699
+17676161166
+17676169612
+17676164815
+17676168761
+17676165043
+17676162268
+17676163435
+17676167246
+17676160380
+17676162193
+17676165220
+17676162991
+17676163455
+17676169187
+17676160008
+17676169610
+17676165244
+17676164272
+17676169082
+17676164392
+17676161843
+17676164147
+17676168891
+17676161230
+17676166044
+17676163216
+17676169558
+17676164007
+17676165315
+17676163222
+17676169388
+17676168620
+17676164620
+17676166383
+17676160617
+17676168483
+17676166643
+17676169310
+17676160670
+17676169574
+17676166816
+17676167189
+17676162097
+17676164842
+17676162595
+17676169897
+17676166355
+17676164219
+17676162654
+17676167072
+17676168685
+17676161262
+17676169446
+17676165890
+17676166672
+17676168268
+17676165211
+17676160540
+17676169026
+17676165297
+17676162839
+17676167672
+17676168560
+17676167429
+17676160203
+17676166836
+17676164969
+17676166177
+17676160672
+17676162930
+17676163788
+17676162786
+17676166695
+17676164548
+17676169594
+17676164296
+17676166946
+17676165020
+17676166229
+17676162153
+17676163351
+17676167583
+17676167604
+17676162393
+17676160627
+17676167144
+17676163509
+17676165603
+17676167079
+17676164354
+17676162698
+17676161856
+17676161868
+17676162438
+17676169094
+17676162845
+17676161318
+17676161210
+17676164148
+17676162847
+17676160940
+17676166068
+17676165652
+17676167954
+17676169117
+17676163186
+17676161380
+17676168018
+17676167708
+17676169393
+17676165255
+17676169062
+17676161799
+17676163338
+17676166358
+17676161291
+17676166206
+17676169677
+17676166613
+17676162859
+17676168150
+17676162119
+17676165943
+17676162064
+17676161367
+17676166709
+17676166670
+17676168326
+17676166186
+17676161167
+17676168736
+17676161779
+17676161087
+17676166736
+17676160755
+17676162611
+17676166484
+17676166014
+17676160398
+17676168372
+17676163999
+17676164538
+17676168602
+17676164629
+17676163686
+17676169513
+17676163194
+17676165370
+17676162107
+17676168199
+17676160919
+17676165278
+17676165392
+17676160688
+17676163220
+17676169967
+17676165196
+17676160617
+17676169217
+17676164511
+17676163560
+17676166318
+17676162303
+17676169392
+17676165678
+17676161996
+17676164852
+17676169879
+17676162356
+17676165064
+17676166608
+17676168181
+17676162715
+17676165369
+17676166331
+17676160375
+17676163246
+17676162931
+17676165499
+17676169306
+17676162201
+17676167301
+17676166329
+17676168831
+17676162742
+17676160810
+17676160141
+17676166687
+17676166945
+17676169523
+17676161834
+17676162305
+17676167916
+17676161760
+17676168114
+17676164707
+17676160437
+17676165055
+17676168431
+17676167648
+17676163588
+17676163629
+17676165954
+17676168064
+17676163279
+17676166249
+17676162994
+17676166490
+17676163784
+17676160266
+17676160044
+17676167261
+17676160261
+17676161708
+17676163777
+17676167056
+17676161338
+17676163502
+17676160900
+17676164041
+17676166136
+17676168676
+17676160286
+17676160472
+17676163037
+17676160426
+17676167780
+17676163412
+17676169932
+17676161971
+17676163844
+17676169350
+17676164711
+17676167648
+17676168107
+17676162214
+17676162308
+17676163743
+17676166168
+17676167594
+17676164639
+17676169847
+17676164034
+17676166114
+17676162778
+17676167802
+17676162099
+17676169964
+17676162592
+17676166311
+17676162434
+17676168940
+17676160446
+17676165600
+17676160174
+17676166355
+17676162112
+17676161253
+17676162871
+17676169405
+17676168643
+17676160319
+17676164231
+17676165339
+17676165596
+17676168926
+17676163314
+17676168610
+17676161052
+17676169557
+17676169172
+17676167421
+17676161755
+17676161879
+17676169176
+17676162321
+17676161489
+17676168792
+17676168939
+17676165636
+17676163919
+17676162597
+17676167259
+17676168217
+17676163193
+17676166907
+17676160379
+17676164052
+17676160050
+17676163878
+17676169190
+17676165961
+17676166183
+17676167638
+17676166364
+17676169110
+17676166834
+17676169088
+17676168130
+17676169841
+17676160371
+17676168818
+17676164055
+17676160887
+17676167350
+17676163801
+17676164569
+17676169816
+17676169025
+17676164319
+17676168539
+17676167428
+17676164721
+17676160276
+17676166614
+17676162952
+17676168846
+17676160887
+17676166735
+17676162624
+17676165572
+17676169046
+17676168463
+17676168736
+17676165030
+17676160012
+17676162107
+17676165534
+17676165566
+17676168964
+17676166864
+17676161414
+17676162987
+17676166717
+17676162528
+17676160585
+17676164831
+17676168877
+17676164559
+17676165279
+17676168863
+17676165488
+17676165554
+17676169631
+17676166395
+17676168858
+17676162690
+17676165238
+17676168162
+17676165566
+17676162686
+17676163880
+17676165397
+17676167184
+17676163878
+17676167198
+17676161309
+17676167303
+17676164432
+17676162504
+17676160633
+17676161286
+17676169591
+17676165833
+17676165902
+17676164439
+17676165558
+17676168058
+17676167781
+17676167476
+17676167099
+17676169626
+17676163830
+17676161524
+17676160989
+17676169930
+17676166275
+17676165419
+17676163857
+17676162864
+17676160750
+17676166817
+17676166451
+17676163786
+17676163425
+17676164828
+17676168981
+17676166177
+17676168870
+17676169761
+17676166569
+17676169680
+17676161634
+17676160198
+17676162551
+17676163538
+17676160724
+17676165646
+17676169372
+17676161702
+17676160145
+17676166395
+17676169592
+17676166509
+17676165564
+17676168906
+17676164995
+17676162172
+17676163057
+17676161012
+17676164298
+17676168605
+17676164283
+17676164449
+17676166240
+17676169897
+17676168124
+17676160172
+17676169311
+17676168359
+17676161842
+17676169639
+17676166633
+17676167645
+17676163097
+17676164835
+17676168250
+17676160112
+17676160730
+17676164274
+17676168136
+17676166167
+17676163794
+17676164611
+17676164802
+17676162043
+17676169821
+17676167996
+17676163065
+17676168502
+17676160095
+17676166482
+17676169206
+17676169133
+17676162763
+17676168784
+17676165123
+17676168778
+17676163553
+17676161059
+17676168213
+17676166666
+17676160166
+17676168716
+17676166329
+17676166541
+17676166421
+17676160866
+17676167811
+17676163743
+17676165756
+17676162544
+17676167920
+17676167159
+17676165197
+17676168659
+17676169601
+17676163308
+17676161427
+17676164071
+17676161153
+17676164503
+17676166775
+17676161243
+17676169894
+17676168730
+17676169655
+17676165413
+17676168311
+17676161151
+17676164884
+17676168286
+17676168764
+17676165650
+17676165869
+17676160707
+17676168589
+17676160536
+17676167917
+17676168713
+17676167146
+17676166790
+17676167452
+17676168004
+17676169275
+17676168789
+17676166347
+17676166333
+17676163128
+17676160182
+17676160100
+17676166891
+17676162942
+17676164124
+17676167545
+17676166731
+17676160484
+17676168087
+17676165724
+17676160206
+17676167794
+17676163489
+17676165632
+17676165910
+17676162110
+17676164363
+17676162308
+17676168371
+17676162145
+17676165623
+17676162877
+17676165763
+17676161273
+17676164627
+17676163956
+17676165149
+17676167352
+17676167666
+17676169742
+17676160283
+17676162082
+17676164610
+17676169036
+17676164118
+17676168719
+17676169740
+17676162071
+17676164051
+17676163702
+17676160389
+17676167900
+17676167397
+17676165626
+17676166578
+17676164964
+17676167407
+17676166669
+17676167640
+17676167357
+17676162103
+17676167901
+17676161735
+17676163589
+17676168732
+17676165699
+17676167434
+17676162227
+17676163546
+17676164680
+17676167453
+17676166724
+17676163068
+17676165522
+17676160783
+17676168317
+17676165916
+17676164227
+17676165150
+17676164578
+17676164546
+17676160160
+17676166437
+17676169271
+17676169836
+17676168273
+17676161828
+17676160733
+17676168470
+17676160954
+17676161861
+17676165988
+17676160799
+17676165875
+17676169085
+17676166172
+17676168932
+17676164687
+17676165475
+17676164516
+17676165889
+17676160601
+17676160174
+17676161747
+17676165498
+17676166686
+17676168787
+17676166642
+17676166832
+17676169382
+17676165632
+17676168804
+17676168892
+17676165927
+17676162443
+17676160096
+17676166831
+17676166517
+17676168419
+17676166850
+17676169952
+17676162551
+17676161923
+17676161462
+17676161997
+17676168694
+17676169070
+17676164253
+17676163592
+17676163381
+17676166914
+17676165533
+17676168810
+17676168863
+17676163766
+17676168874
+17676163974
+17676162845
+17676164939
+17676167519
+17676166569
+17676165412
+17676160052
+17676165143
+17676160557
+17676165200
+17676160094
+17676166285
+17676169541
+17676168267
+17676169570
+17676163155
+17676161524
+17676163817
+17676162734
+17676169429
+17676165230
+17676161157
+17676168139
+17676165395
+17676167657
+17676162814
+17676167082
+17676160338
+17676166422
+17676168973
+17676164836
+17676160527
+17676169147
+17676166763
+17676162109
+17676168137
+17676160344
+17676167249
+17676162520
+17676163913
+17676163913
+17676165442
+17676162901
+17676168359
+17676169059
+17676166532
+17676163787
+17676166741
+17676166379
+17676163687
+17676164105
+17676162640
+17676163666
+17676162967
+17676160583
+17676165617
+17676167067
+17676169215
+17676167367
+17676166062
+17676162588
+17676163986
+17676164711
+17676164558
+17676163560
+17676160443
+17676164179
+17676166546
+17676169228
+17676168214
+17676168691
+17676167533
+17676164488
+17676163689
+17676160681
+17676160485
+17676163244
+17676167026
+17676165569
+17672252949
+17672256929
+17672254343
+17672253157
+17672256572
+17672256132
+17672259881
+17672254429
+17672251726
+17672254691
+17672250136
+17672253190
+17672252630
+17672250500
+17672251231
+17672257075
+17672254057
+17672250780
+17672258232
+17672252985
+17672251330
+17672253697
+17672255380
+17672257249
+17672253661
+17672255709
+17672259241
+17672259851
+17672250589
+17672251916
+17672257618
+17672251150
+17672254741
+17672252587
+17672258653
+17672257557
+17672255222
+17672252234
+17672253178
+17672253311
+17672251314
+17672251879
+17672258719
+17672252679
+17672256888
+17672253764
+17672259516
+17672250618
+17672256758
+17672254185
+17672251368
+17672255225
+17672254727
+17672253555
+17672256411
+17672257167
+17672252780
+17672256229
+17672253743
+17672253908
+17672254683
+17672258721
+17672251131
+17672259112
+17672259926
+17672250669
+17672257976
+17672256791
+17672252674
+17672250614
+17672250969
+17672259119
+17672255506
+17672258592
+17672250377
+17672258655
+17672258347
+17672255700
+17672258366
+17672252148
+17672258408
+17672255565
+17672250185
+17672259238
+17672252776
+17672254738
+17672252022
+17672259657
+17672251360
+17672257523
+17672255007
+17672251642
+17672258586
+17672251683
+17672251588
+17672252626
+17672253953
+17672259023
+17672253671
+17672252752
+17672254430
+17672257770
+17672254768
+17672259027
+17672251855
+17672252872
+17672257277
+17672254980
+17672255427
+17672258128
+17672251447
+17672258426
+17672253735
+17672253613
+17672258770
+17672252637
+17672251191
+17672257193
+17672250060
+17672259040
+17672256553
+17672252620
+17672258042
+17672253675
+17672253851
+17672251270
+17672250798
+17672255420
+17672255428
+17672258653
+17672257430
+17672252469
+17672253990
+17672251286
+17672258675
+17672252683
+17672253234
+17672254877
+17672252167
+17672255213
+17672259033
+17672251770
+17672254190
+17672258235
+17672258859
+17672256367
+17672253502
+17672251066
+17672256004
+17672257768
+17672253776
+17672258207
+17672257064
+17672259992
+17672252340
+17672256997
+17672252199
+17672255978
+17672253500
+17672251486
+17672255008
+17672253333
+17672250306
+17672259555
+17672253684
+17672251140
+17672257911
+17672252801
+17672257495
+17672252909
+17672253138
+17672257810
+17672259645
+17672259948
+17672251814
+17672256327
+17672257976
+17672250737
+17672255205
+17672257279
+17672253756
+17672250137
+17672258039
+17672252025
+17672259467
+17672253586
+17672251302
+17672255930
+17672255451
+17672253893
+17672255774
+17672250877
+17672254095
+17672259274
+17672252057
+17672256345
+17672257847
+17672257366
+17672253463
+17672253618
+17672256306
+17672254761
+17672258980
+17672259922
+17672259125
+17672252003
+17672258375
+17672253055
+17672257678
+17672251425
+17672255532
+17672257345
+17672255601
+17672257122
+17672255909
+17672252841
+17672252305
+17672259199
+17672250719
+17672254839
+17672259256
+17672254011
+17672250336
+17672253737
+17672258162
+17672257549
+17672252694
+17672252916
+17672253334
+17672259741
+17672256315
+17672259331
+17672250999
+17672253882
+17672257861
+17672257180
+17672252603
+17672255177
+17672256407
+17672253562
+17672259185
+17672251020
+17672255453
+17672256773
+17672250034
+17672254531
+17672256049
+17672256738
+17672252849
+17672258625
+17672256696
+17672254764
+17672259183
+17672250592
+17672251565
+17672258500
+17672253000
+17672253117
+17672259554
+17672251989
+17672257719
+17672250226
+17672254647
+17672251605
+17672259851
+17672255910
+17672253909
+17672250707
+17672256382
+17672256302
+17672256790
+17672255134
+17672258469
+17672250720
+17672257909
+17672257028
+17672254921
+17672255488
+17672253628
+17672251090
+17672256472
+17672256469
+17672257944
+17672251262
+17672259463
+17672255349
+17672254067
+17672251661
+17672250754
+17672253215
+17672258323
+17672259373
+17672257260
+17672258844
+17672251487
+17672253098
+17672255619
+17672252795
+17672257282
+17672251926
+17672252479
+17672255619
+17672250396
+17672252213
+17672259966
+17672257747
+17672257737
+17672254675
+17672251328
+17672253160
+17672256826
+17672252076
+17672252835
+17672257176
+17672250739
+17672255188
+17672254167
+17672254467
+17672250733
+17672258891
+17672255971
+17672256740
+17672253230
+17672254412
+17672253023
+17672252006
+17672258699
+17672250104
+17672251863
+17672250508
+17672253552
+17672253721
+17672257118
+17672257188
+17672252532
+17672252781
+17672250562
+17672253029
+17672257166
+17672254714
+17672258456
+17672256843
+17672250195
+17672251782
+17672258934
+17672251258
+17672253350
+17672252320
+17672255141
+17672256138
+17672250138
+17672259234
+17672255267
+17672257062
+17672254389
+17672254011
+17672258643
+17672254409
+17672256854
+17672258820
+17672254081
+17672252342
+17672256164
+17672254605
+17672259579
+17672251503
+17672253331
+17672257270
+17672255716
+17672252702
+17672254010
+17672252539
+17672254133
+17672255647
+17672254336
+17672256122
+17672254288
+17672257146
+17672252115
+17672251290
+17672251336
+17672253205
+17672253239
+17672251049
+17672255878
+17672252602
+17672259222
+17672250457
+17672258096
+17672252493
+17672250450
+17672256820
+17672257226
+17672250009
+17672255553
+17672257348
+17672256896
+17672254390
+17672254137
+17672258045
+17672254973
+17672252938
+17672254469
+17672251118
+17672257816
+17672254776
+17672257852
+17672259642
+17672252299
+17672250491
+17672256348
+17672252102
+17672259692
+17672254855
+17672258600
+17672257347
+17672253495
+17672253419
+17672257320
+17672258955
+17672251247
+17672250574
+17672254884
+17672252719
+17672255716
+17672252149
+17672256962
+17672255503
+17672258151
+17672253769
+17672255413
+17672259250
+17672256520
+17672253181
+17672252216
+17672253609
+17672251197
+17672252569
+17672259002
+17672252076
+17672255345
+17672252176
+17672259329
+17672259004
+17672253477
+17672253336
+17672258670
+17672250901
+17672253579
+17672254868
+17672256075
+17672250700
+17672258143
+17672255421
+17672256703
+17672255021
+17672259093
+17672258532
+17672259386
+17672256857
+17672258763
+17672258391
+17672259581
+17672252049
+17672256975
+17672253705
+17672256072
+17672253434
+17672259251
+17672259479
+17672258793
+17672253364
+17672251007
+17672259793
+17672252704
+17672252042
+17672251795
+17672256056
+17672251169
+17672258694
+17672250652
+17672255217
+17672253039
+17672259923
+17672255832
+17672255618
+17672256070
+17672253998
+17672257826
+17672257631
+17672252139
+17672259472
+17672250681
+17672258204
+17672250677
+17672252081
+17672259160
+17672250899
+17672253549
+17672259010
+17672257408
+17672252511
+17672250102
+17672257830
+17672259640
+17672255802
+17672251764
+17672257881
+17672251570
+17672250258
+17672255557
+17672252427
+17672251530
+17672256009
+17672254864
+17672257723
+17672255398
+17672259992
+17672258740
+17672254994
+17672253284
+17672252770
+17672253165
+17672259294
+17672251181
+17672251106
+17672257885
+17672252446
+17672256028
+17672256085
+17672259957
+17672254524
+17672252796
+17672251226
+17672250976
+17672257761
+17672253707
+17672259583
+17672252371
+17672254727
+17672255270
+17672256615
+17672251725
+17672254536
+17672257241
+17672252537
+17672256126
+17672251385
+17672253977
+17672258245
+17672251325
+17672254111
+17672258689
+17672252030
+17672252122
+17672250225
+17672256259
+17672254939
+17672259521
+17672255476
+17672256987
+17672256806
+17672254176
+17672250540
+17672254032
+17672255389
+17672252722
+17672250600
+17672254180
+17672258813
+17672251176
+17672251883
+17672256181
+17672257248
+17672258040
+17672253354
+17672251920
+17672252578
+17672259495
+17672257040
+17672252339
+17672253627
+17672253490
+17672250228
+17672250235
+17672253449
+17672255257
+17672251623
+17672253923
+17672252438
+17672258612
+17672252282
+17672256434
+17672251855
+17672259133
+17672252579
+17672255191
+17672256991
+17672255430
+17672252402
+17672255381
+17672251067
+17672258945
+17672258045
+17672252465
+17672257273
+17672250269
+17672256136
+17672257127
+17672253366
+17672250489
+17672251497
+17672253531
+17672253914
+17672253081
+17672259296
+17672251487
+17672259359
+17672254827
+17672258188
+17672254434
+17672252661
+17672252209
+17672257319
+17672254733
+17672258499
+17672253909
+17672252651
+17672258227
+17672257182
+17672254921
+17672254987
+17672252444
+17672254932
+17672256256
+17672251413
+17672255553
+17672258778
+17672250755
+17672251774
+17672258885
+17672252684
+17672253345
+17672250109
+17672253941
+17672258777
+17672251612
+17672257244
+17672250586
+17672252548
+17672250220
+17672258261
+17672252391
+17672253138
+17672253378
+17672252088
+17672250721
+17672250321
+17672255687
+17672259933
+17672258610
+17672257891
+17672258986
+17672256563
+17672255806
+17672258661
+17672257208
+17672251345
+17672250497
+17672255181
+17672258617
+17672252965
+17672253496
+17672256167
+17672256600
+17672254558
+17672256899
+17672254287
+17672255927
+17672258433
+17672254500
+17672259255
+17672259855
+17672253715
+17672256405
+17672252791
+17672253521
+17672257712
+17672254847
+17672250382
+17672250322
+17672250978
+17672255123
+17672251478
+17672252549
+17672253610
+17672250909
+17672254474
+17672254810
+17672253816
+17672253404
+17672257686
+17672251934
+17672252094
+17672259960
+17672251510
+17672257914
+17672259649
+17672259924
+17672250315
+17672250044
+17672257287
+17672250919
+17672253492
+17672256452
+17672253669
+17672252879
+17672257539
+17672251869
+17672255721
+17672251597
+17672250513
+17672252166
+17672254020
+17672251421
+17672258899
+17672253750
+17672258616
+17672255885
+17672259626
+17672250419
+17672250871
+17672259158
+17672259955
+17672258176
+17672258189
+17672251858
+17672258937
+17672250490
+17672258339
+17672256949
+17672257836
+17672253866
+17672252676
+17672250025
+17672259556
+17672250615
+17672258954
+17672258863
+17672259766
+17672254583
+17672254715
+17672256160
+17672250098
+17672251762
+17672256683
+17672257369
+17672250657
+17672256446
+17672253440
+17672259911
+17672255891
+17672259118
+17672258015
+17672250138
+17672256340
+17672250831
+17672257790
+17672256961
+17672257178
+17672255329
+17672258842
+17672256315
+17672257116
+17672257585
+17672250944
+17672254275
+17672256747
+17672257968
+17672257519
+17672256621
+17672256450
+17672253596
+17672259757
+17672259913
+17672253659
+17672253633
+17672256308
+17672258631
+17672250401
+17672257401
+17672254434
+17672251535
+17672259825
+17672257842
+17672259945
+17672258800
+17672250923
+17672251922
+17672255465
+17672259105
+17672250094
+17672259884
+17672258853
+17672256436
+17672254659
+17672254201
+17672257341
+17672250136
+17672252404
+17672256450
+17672254041
+17672258856
+17672250780
+17672259580
+17672258663
+17672258865
+17672256338
+17672259972
+17672255310
+17672252076
+17672251645
+17672254184
+17672250979
+17672250431
+17672259522
+17672250348
+17672251920
+17672255520
+17672252511
+17672250841
+17672257012
+17672256616
+17672257518
+17672250828
+17672251759
+17672255560
+17672257591
+17672254828
+17672253702
+17672251356
+17672255406
+17672254162
+17672250175
+17672252269
+17672253192
+17672250883
+17672254095
+17672254472
+17672256724
+17672253839
+17672253175
+17672251149
+17672254048
+17672252242
+17672258248
+17672257830
+17672250503
+17672257299
+17672258454
+17672251368
+17672259855
+17672256296
+17672252055
+17672250317
+17672259423
+17672257630
+17672254716
+17672258332
+17672253959
+17672255286
+17672253300
+17672256530
+17672258431
+17672254096
+17672255973
+17672254038
+17672251763
+17672257342
+17672259733
+17672250144
+17672259961
+17672254194
+17672251935
+17672251100
+17672256166
+17672253489
+17672250967
+17672253438
+17672255626
+17672255167
+17672251617
+17672253744
+17672256345
+17672258187
+17672254850
+17672254134
+17672259473
+17672255011
+17672258802
+17672257845
+17672259217
+17672251601
+17672253071
+17672253729
+17672258872
+17672254159
+17672255550
+17672252383
+17672258718
+17672258001
+17672251299
+17672253917
+17672252447
+17672251833
+17672250069
+17672256908
+17672258600
+17672259720
+17672253518
+17672258539
+17672259694
+17672254871
+17672254180
+17672250178
+17672257257
+17672259160
+17672254803
+17672254253
+17672255523
+17672259182
+17672253467
+17672256421
+17672257937
+17672257484
+17672257343
+17672255468
+17672255901
+17672250826
+17672254084
+17672259214
+17672256882
+17672257642
+17672251959
+17672251735
+17672258253
+17672258096
+17672250808
+17672257552
+17672251447
+17672257974
+17672254765
+17672255144
+17672253527
+17672252317
+17672256746
+17672250114
+17672258907
+17672259336
+17672258038
+17672258722
+17672257297
+17672256513
+17672258698
+17672257762
+17672251847
+17672259813
+17672259936
+17672254513
+17672259498
+17672259997
+17672254246
+17672251352
+17672253859
+17672256583
+17672257234
+17672250679
+17672253800
+17672256809
+17672251748
+17672258319
+17672257426
+17672253182
+17672254054
+17672253897
+17672251273
+17672251146
+17672251197
+17672251182
+17672256325
+17672254462
+17672257237
+17672255989
+17672259373
+17672258292
+17672254768
+17672254980
+17672254589
+17672254904
+17672255082
+17672356960
+17672357892
+17672357827
+17672356790
+17672357217
+17672357393
+17672353288
+17672356648
+17672354262
+17672350123
+17672358583
+17672358676
+17672356918
+17672356046
+17672350945
+17672358689
+17672354863
+17672359692
+17672358789
+17672354785
+17672350896
+17672351513
+17672355086
+17672354409
+17672356534
+17672350930
+17672355376
+17672357012
+17672358480
+17672350289
+17672358080
+17672355135
+17672354145
+17672351032
+17672354017
+17672359669
+17672354723
+17672359821
+17672350917
+17672357609
+17672357117
+17672350269
+17672352838
+17672354139
+17672357553
+17672358395
+17672352748
+17672350397
+17672352711
+17672359219
+17672358409
+17672351325
+17672355315
+17672352970
+17672350061
+17672350718
+17672352622
+17672353234
+17672359709
+17672355415
+17672358612
+17672358441
+17672352292
+17672359384
+17672351970
+17672352144
+17672357975
+17672358129
+17672358973
+17672350639
+17672353499
+17672357739
+17672355501
+17672352161
+17672350580
+17672353573
+17672359163
+17672357623
+17672359937
+17672352835
+17672351133
+17672350149
+17672351167
+17672353343
+17672358658
+17672356197
+17672357234
+17672355440
+17672353756
+17672352477
+17672357311
+17672353897
+17672352890
+17672358824
+17672350794
+17672356093
+17672350190
+17672357979
+17672357536
+17672352366
+17672356363
+17672350374
+17672351894
+17672354703
+17672353799
+17672355890
+17672350801
+17672356337
+17672352729
+17672352350
+17672353459
+17672358931
+17672355078
+17672351105
+17672350808
+17672357532
+17672359775
+17672359494
+17672355988
+17672355070
+17672359995
+17672353853
+17672359560
+17672351090
+17672351345
+17672353242
+17672352564
+17672357745
+17672356667
+17672356740
+17672355687
+17672356224
+17672357881
+17672357245
+17672350747
+17672356325
+17672354342
+17672350909
+17672353701
+17672359592
+17672355043
+17672355362
+17672351619
+17672358801
+17672356377
+17672359006
+17672354735
+17672352352
+17672355295
+17672356777
+17672354078
+17672353724
+17672358125
+17672355397
+17672358911
+17672355613
+17672354223
+17672357384
+17672350268
+17672353102
+17672357601
+17672352141
+17672352176
+17672350783
+17672350991
+17672352184
+17672356258
+17672359168
+17672351011
+17672355695
+17672350050
+17672353130
+17672350918
+17672354083
+17672353111
+17672359398
+17672350501
+17672354242
+17672352569
+17672351495
+17672354501
+17672352278
+17672354461
+17672352141
+17672350780
+17672353073
+17672350511
+17672354133
+17672353300
+17672357995
+17672355372
+17672351446
+17672350133
+17672355966
+17672353807
+17672355701
+17672353691
+17672359503
+17672353478
+17672355345
+17672358427
+17672357353
+17672350833
+17672357055
+17672351931
+17672351258
+17672353498
+17672354130
+17672353797
+17672350662
+17672357656
+17672354450
+17672354192
+17672354355
+17672353972
+17672351827
+17672359378
+17672350267
+17672351073
+17672356139
+17672359580
+17672353420
+17672357762
+17672354406
+17672352898
+17672353945
+17672353422
+17672351366
+17672359014
+17672350572
+17672355229
+17672350896
+17672351120
+17672356831
+17672353818
+17672356958
+17672350742
+17672359261
+17672355926
+17672356485
+17672357593
+17672359097
+17672359216
+17672357465
+17672351564
+17672352330
+17672352810
+17672353015
+17672351284
+17672359364
+17672350033
+17672351878
+17672357980
+17672351713
+17672352310
+17672357549
+17672355122
+17672352668
+17672354511
+17672357392
+17672354598
+17672354862
+17672353294
+17672358613
+17672350025
+17672353563
+17672352058
+17672351907
+17672354218
+17672356896
+17672356664
+17672355544
+17672355378
+17672350005
+17672352972
+17672353298
+17672356105
+17672354152
+17672354394
+17672352240
+17672350812
+17672359292
+17672358058
+17672350130
+17672352565
+17672357452
+17672351874
+17672356006
+17672354394
+17672358981
+17672352176
+17672351988
+17672359042
+17672354447
+17672353986
+17672354833
+17672358219
+17672355995
+17672351887
+17672356880
+17672359402
+17672359099
+17672354485
+17672354210
+17672355239
+17672354760
+17672353679
+17672350883
+17672350402
+17672358726
+17672353914
+17672358257
+17672353509
+17672354660
+17672351648
+17672358419
+17672359032
+17672356403
+17672356528
+17672359835
+17672355035
+17672357530
+17672359076
+17672355638
+17672353202
+17672353704
+17672352245
+17672357317
+17672357839
+17672355687
+17672353565
+17672359000
+17672358652
+17672357118
+17672357496
+17672352856
+17672358961
+17672359827
+17672358067
+17672354785
+17672354085
+17672351965
+17672351822
+17672354749
+17672354115
+17672350883
+17672353420
+17672351568
+17672352793
+17672359681
+17672355725
+17672353926
+17672357346
+17672359882
+17672359538
+17672353119
+17672355427
+17672350416
+17672354469
+17672354389
+17672359640
+17672359775
+17672354477
+17672353856
+17672357654
+17672353005
+17672356462
+17672351143
+17672357283
+17672351615
+17672355414
+17672355916
+17672359781
+17672353377
+17672353762
+17672356347
+17672355773
+17672353635
+17672355070
+17672357644
+17672354726
+17672351399
+17672358216
+17672354683
+17672351006
+17672353652
+17672356196
+17672353374
+17672355250
+17672350692
+17672355207
+17672350906
+17672352832
+17672357170
+17672357434
+17672351508
+17672358864
+17672359167
+17672351463
+17672350768
+17672352823
+17672352041
+17672358431
+17672352497
+17672353149
+17672352277
+17672352599
+17672352733
+17672357116
+17672353530
+17672353264
+17672357872
+17672355951
+17672356752
+17672350439
+17672356305
+17672353305
+17672354725
+17672354828
+17672354828
+17672350740
+17672352084
+17672358106
+17672358536
+17672353522
+17672359989
+17672351529
+17672355532
+17672351469
+17672354907
+17672352646
+17672354853
+17672355759
+17672350932
+17672358781
+17672354212
+17672359961
+17672358839
+17672358957
+17672357126
+17672356705
+17672357803
+17672350779
+17672353513
+17672359656
+17672356630
+17672358955
+17672357542
+17672352699
+17672355783
+17672355631
+17672350770
+17672359399
+17672350373
+17672353284
+17672353273
+17672353359
+17672356558
+17672359129
+17672350368
+17672355304
+17672357180
+17672356151
+17672351391
+17672355352
+17672354804
+17672352462
+17672354153
+17672353060
+17672354140
+17672355567
+17672350919
+17672351991
+17672351734
+17672352699
+17672355730
+17672358632
+17672351116
+17672355886
+17672352162
+17672359603
+17672358979
+17672350611
+17672356498
+17672354677
+17672354339
+17672352580
+17672355092
+17672353874
+17672351460
+17672350104
+17672357693
+17672358763
+17672350472
+17672351762
+17672359229
+17672354862
+17672355725
+17672356552
+17672359910
+17672359750
+17672356099
+17672355415
+17672354087
+17672355246
+17672350485
+17672350139
+17672355081
+17672350763
+17672354684
+17672350883
+17672354884
+17672353178
+17672359023
+17672352476
+17672354794
+17672359529
+17672351873
+17672353781
+17672353692
+17672354130
+17672350753
+17672357538
+17672353427
+17672353601
+17672354275
+17672359690
+17672350676
+17672351392
+17672352763
+17672355666
+17672359030
+17672352221
+17672357652
+17672358911
+17672355818
+17672354191
+17672357360
+17672358666
+17672351009
+17672359183
+17672359628
+17672357492
+17672356514
+17672357637
+17672351404
+17672355707
+17672354574
+17672355452
+17672357554
+17672350216
+17672353505
+17672356938
+17672351746
+17672357517
+17672357557
+17672356671
+17672350674
+17672353830
+17672358245
+17672358450
+17672357065
+17672351269
+17672357674
+17672353644
+17672359871
+17672355030
+17672356978
+17672356501
+17672355957
+17672359570
+17672357079
+17672350619
+17672358095
+17672359936
+17672350688
+17672357853
+17672356812
+17672355766
+17672359089
+17672353865
+17672357320
+17672352126
+17672351090
+17672358889
+17672352149
+17672352004
+17672350586
+17672350422
+17672353572
+17672351234
+17672352692
+17672351202
+17672355303
+17672356184
+17672352042
+17672352166
+17672359971
+17672351115
+17672358191
+17672351974
+17672354792
+17672357133
+17672352400
+17672351825
+17672356410
+17672351764
+17672355678
+17672351696
+17672352743
+17672355823
+17672350720
+17672356194
+17672350708
+17672357651
+17672358731
+17672356647
+17672350438
+17672352092
+17672355294
+17672357323
+17672353386
+17672350671
+17672357858
+17672357999
+17672357603
+17672355406
+17672351223
+17672358531
+17672355184
+17672352036
+17672359362
+17672351082
+17672355588
+17672352176
+17672359323
+17672356675
+17672351368
+17672350777
+17672350030
+17672354392
+17672354829
+17672357234
+17672354496
+17672357682
+17672354401
+17672353433
+17672355551
+17672358532
+17672357665
+17672354810
+17672352458
+17672352442
+17672355102
+17672357889
+17672351108
+17672356849
+17672356195
+17672357218
+17672352525
+17672357874
+17672359769
+17672352534
+17672357694
+17672358493
+17672353656
+17672359296
+17672359471
+17672357480
+17672355714
+17672350058
+17672353038
+17672354546
+17672354535
+17672359977
+17672350326
+17672355699
+17672358441
+17672354980
+17672353210
+17672353207
+17672350376
+17672356816
+17672354223
+17672359968
+17672358463
+17672351954
+17672359335
+17672356764
+17672354620
+17672352673
+17672352549
+17672359739
+17672355575
+17672354536
+17672353994
+17672353156
+17672352406
+17672359576
+17672359860
+17672352612
+17672359613
+17672354890
+17672357582
+17672351039
+17672354965
+17672350248
+17672359296
+17672355393
+17672356319
+17672350622
+17672355924
+17672357361
+17672355283
+17672359417
+17672357861
+17672354404
+17672357303
+17672356809
+17672357429
+17672358102
+17672355632
+17672357976
+17672357936
+17672359784
+17672351187
+17672351484
+17672357783
+17672353408
+17672351480
+17672355283
+17672359186
+17672351426
+17672352967
+17672352872
+17672357143
+17672359717
+17672353391
+17672357094
+17672357600
+17672354496
+17672351186
+17672350413
+17672358806
+17672354202
+17672352404
+17672350033
+17672359283
+17672352304
+17672359964
+17672359696
+17672351350
+17672352516
+17672352496
+17672350730
+17672352009
+17672356050
+17672358598
+17672350006
+17672358992
+17672355939
+17672357736
+17672352383
+17672354196
+17672356436
+17672351572
+17672351506
+17672359756
+17672351378
+17672351865
+17672352257
+17672351949
+17672353182
+17672354878
+17672359695
+17672351397
+17672356069
+17672352754
+17672358548
+17672356512
+17672351397
+17672354090
+17672358749
+17672356381
+17672357807
+17672358918
+17672352861
+17672355294
+17672355766
+17672354183
+17672351277
+17672353385
+17672352556
+17672350832
+17672356339
+17672351680
+17672356797
+17672353858
+17672352323
+17672354702
+17672351905
+17672355408
+17672359090
+17672353556
+17672351361
+17672356395
+17672351994
+17672356190
+17672352949
+17672355919
+17672353559
+17672351445
+17672352787
+17672356022
+17672354576
+17672358560
+17672354003
+17672352990
+17672353797
+17672355567
+17672355412
+17672357769
+17672355721
+17672350483
+17672352565
+17672358990
+17672350254
+17672359402
+17672359153
+17672355606
+17672358786
+17672359823
+17672356878
+17672358893
+17672352735
+17672354683
+17672350575
+17672350652
+17672355897
+17672356806
+17672352895
+17672358786
+17672356284
+17672357767
+17672358764
+17672350970
+17672351062
+17672354459
+17672354784
+17672354937
+17672357395
+17672351897
+17672357810
+17672350607
+17672354739
+17672358703
+17672350380
+17672355266
+17672350877
+17672352450
+17672354295
+17672357251
+17672355527
+17672359664
+17672355174
+17672358562
+17672351653
+17672356638
+17672358521
+17672358592
+17672357062
+17672357358
+17672358175
+17672351999
+17672357312
+17672352236
+17672355074
+17672356314
+17672355186
+17672355361
+17672355719
+17672359444
+17672351319
+17672356590
+17672355979
+17672352323
+17672355277
+17672350153
+17672352364
+17672358463
+17672359223
+17672356957
+17672357265
+17672359436
+17672351078
+17672356853
+17672359649
+17672354237
+17672355135
+17672351425
+17672357515
+17672356720
+17672351323
+17672350081
+17672355772
+17672359424
+17672357001
+17672352507
+17672356318
+17672353788
+17672354603
+17672350060
+17672354149
+17672351917
+17672358819
+17672351938
+17672357840
+17672357689
+17672353745
+17672356187
+17672355626
+17672358731
+17672352279
+17672354310
+17672350997
+17672358400
+17672353032
+17672356937
+17672351835
+17672355675
+17672350913
+17672358207
+17672358321
+17672358662
+17672354599
+17672350565
+17672352839
+17672356773
+17672354472
+17672354910
+17672355015
+17672359105
+17672351174
+17672356625
+17672354267
+17672355838
+17672351943
+17672353014
+17672354950
+17672354510
+17672359114
+17672350768
+17672356252
+17672350235
+17672357176
+17672351505
+17672359576
+17672359860
+17672350421
+17672359534
+17672355899
+17672353361
+17672351733
+17672352168
+17672356517
+17672354968
+17672351870
+17672358010
+17672357625
+17672358607
+17672356454
+17672353773
+17672352680
+17672352091
+17672353026
+17672352057
+17672351526
+17672353248
+17672353430
+17672358476
+17672354514
+17672351383
+17672357505
+17672354371
+17672355588
+17672358014
+17672352276
+17672354984
+17672357404
+17672350543
+17672357049
+17672357391
+17672352861
+17672353855
+17672359916
+17672353519
+17672359325
+17672353618
+17672352998
+17672353211
+17672459325
+17672454140
+17672455473
+17672453564
+17672451656
+17672450115
+17672456185
+17672450619
+17672451802
+17672459125
+17672457704
+17672455977
+17672455121
+17672458902
+17672453773
+17672452408
+17672455343
+17672456265
+17672451901
+17672451335
+17672451735
+17672452470
+17672456621
+17672459703
+17672456506
+17672455489
+17672451933
+17672451607
+17672459656
+17672458528
+17672450258
+17672454827
+17672450255
+17672454500
+17672451745
+17672459986
+17672458998
+17672456642
+17672455737
+17672459436
+17672455365
+17672456280
+17672457076
+17672455226
+17672451070
+17672459941
+17672458552
+17672455069
+17672451154
+17672459633
+17672457655
+17672458317
+17672455162
+17672453418
+17672451402
+17672456964
+17672458934
+17672450919
+17672455817
+17672455739
+17672456498
+17672454415
+17672456269
+17672452408
+17672450529
+17672457550
+17672454290
+17672452857
+17672458351
+17672457144
+17672451297
+17672451476
+17672456370
+17672458005
+17672452611
+17672458409
+17672454186
+17672458506
+17672454715
+17672453800
+17672450790
+17672459312
+17672453234
+17672456459
+17672458181
+17672457511
+17672454347
+17672458117
+17672457627
+17672454968
+17672457858
+17672457490
+17672453446
+17672457742
+17672451514
+17672456504
+17672457083
+17672453348
+17672458479
+17672457757
+17672458683
+17672452876
+17672457156
+17672454840
+17672453490
+17672450342
+17672450629
+17672458973
+17672456658
+17672454255
+17672459091
+17672450187
+17672457352
+17672454893
+17672455365
+17672453292
+17672450457
+17672454203
+17672458189
+17672457553
+17672457237
+17672458645
+17672456263
+17672458870
+17672451883
+17672457512
+17672451141
+17672454744
+17672457306
+17672455972
+17672451115
+17672459544
+17672458127
+17672455868
+17672452483
+17672457733
+17672451166
+17672452985
+17672455509
+17672450644
+17672454131
+17672451346
+17672450835
+17672455915
+17672457519
+17672451265
+17672459462
+17672454344
+17672457206
+17672450069
+17672450614
+17672458152
+17672456473
+17672457769
+17672459217
+17672451663
+17672457046
+17672457166
+17672450912
+17672450237
+17672457228
+17672453959
+17672451916
+17672451610
+17672458040
+17672457586
+17672452863
+17672457771
+17672452172
+17672459045
+17672450069
+17672453340
+17672459743
+17672459977
+17672451764
+17672459689
+17672459863
+17672456806
+17672458973
+17672453920
+17672455244
+17672453447
+17672458628
+17672459944
+17672452005
+17672451753
+17672456613
+17672451121
+17672455297
+17672452477
+17672459252
+17672451922
+17672451687
+17672457652
+17672458810
+17672454272
+17672452301
+17672454495
+17672457182
+17672455603
+17672454413
+17672452449
+17672451055
+17672459523
+17672458348
+17672451162
+17672453571
+17672455727
+17672451999
+17672459801
+17672451517
+17672453057
+17672454653
+17672454088
+17672456732
+17672451393
+17672457133
+17672454343
+17672453877
+17672454298
+17672455068
+17672451641
+17672457321
+17672453449
+17672455688
+17672453142
+17672450311
+17672458982
+17672451820
+17672453100
+17672452975
+17672454337
+17672458455
+17672456927
+17672452464
+17672456582
+17672454620
+17672454050
+17672453027
+17672456569
+17672454509
+17672452669
+17672450515
+17672450579
+17672454440
+17672455688
+17672453840
+17672450977
+17672450945
+17672456945
+17672453346
+17672458101
+17672455549
+17672457655
+17672454384
+17672451175
+17672451605
+17672454425
+17672454962
+17672459891
+17672455130
+17672452952
+17672454473
+17672453822
+17672454975
+17672451073
+17672457060
+17672459139
+17672453815
+17672458340
+17672459220
+17672457366
+17672450546
+17672451175
+17672458009
+17672452162
+17672459503
+17672457708
+17672450004
+17672459520
+17672454836
+17672454171
+17672453668
+17672450062
+17672455407
+17672457688
+17672450436
+17672452308
+17672450287
+17672457725
+17672453811
+17672453747
+17672459146
+17672451428
+17672457678
+17672454463
+17672457367
+17672454054
+17672459766
+17672451921
+17672452318
+17672456987
+17672450503
+17672457366
+17672457794
+17672452491
+17672452344
+17672454792
+17672452433
+17672458348
+17672459574
+17672457335
+17672452327
+17672456783
+17672450135
+17672454313
+17672454476
+17672459551
+17672457818
+17672457858
+17672452713
+17672458835
+17672456729
+17672453401
+17672453796
+17672452133
+17672459405
+17672457810
+17672453487
+17672456657
+17672450248
+17672450671
+17672454566
+17672450306
+17672453619
+17672454790
+17672455728
+17672459821
+17672450175
+17672450098
+17672455529
+17672450245
+17672451569
+17672455666
+17672457052
+17672458653
+17672453504
+17672459025
+17672453489
+17672450646
+17672456170
+17672453656
+17672456104
+17672456598
+17672451925
+17672454619
+17672452190
+17672452928
+17672454225
+17672450165
+17672458539
+17672453929
+17672456488
+17672451063
+17672451166
+17672455196
+17672454985
+17672454737
+17672452214
+17672450459
+17672452489
+17672457096
+17672455649
+17672453044
+17672454844
+17672455012
+17672455897
+17672454766
+17672457944
+17672456103
+17672452052
+17672457939
+17672457087
+17672459750
+17672453708
+17672451641
+17672452594
+17672452165
+17672455198
+17672456557
+17672450240
+17672453587
+17672456463
+17672458599
+17672459579
+17672450376
+17672459533
+17672457499
+17672451953
+17672452958
+17672455697
+17672455696
+17672452467
+17672454531
+17672455965
+17672453938
+17672455354
+17672451881
+17672452264
+17672455530
+17672459523
+17672450286
+17672455637
+17672450776
+17672456660
+17672456902
+17672455938
+17672455284
+17672456606
+17672458749
+17672455353
+17672456044
+17672453027
+17672459532
+17672454560
+17672451939
+17672454033
+17672456113
+17672456606
+17672454010
+17672450607
+17672458635
+17672457905
+17672454721
+17672451895
+17672456592
+17672451130
+17672456740
+17672453906
+17672458455
+17672455353
+17672453698
+17672456064
+17672450686
+17672451172
+17672455243
+17672451985
+17672455757
+17672458376
+17672459707
+17672452766
+17672456170
+17672459702
+17672456417
+17672459522
+17672450688
+17672450571
+17672451473
+17672452579
+17672452098
+17672452048
+17672459882
+17672451274
+17672459229
+17672458851
+17672457780
+17672451307
+17672453640
+17672453158
+17672452702
+17672450586
+17672451164
+17672450266
+17672454917
+17672455141
+17672459779
+17672450728
+17672451301
+17672451160
+17672454162
+17672459757
+17672458281
+17672457941
+17672456615
+17672450961
+17672458242
+17672459128
+17672459290
+17672452853
+17672459528
+17672456015
+17672455366
+17672452086
+17672458124
+17672452021
+17672456544
+17672454617
+17672452015
+17672459314
+17672456349
+17672458078
+17672455160
+17672452919
+17672454988
+17672456809
+17672459323
+17672450128
+17672457804
+17672459369
+17672459780
+17672451983
+17672454737
+17672451146
+17672451390
+17672453330
+17672457370
+17672459858
+17672457087
+17672452107
+17672459396
+17672450168
+17672451950
+17672456013
+17672457839
+17672459737
+17672453448
+17672450839
+17672450841
+17672455259
+17672452501
+17672457871
+17672458142
+17672452629
+17672459638
+17672452672
+17672458143
+17672456614
+17672450004
+17672453043
+17672452097
+17672456267
+17672455820
+17672453580
+17672455797
+17672453078
+17672453831
+17672455793
+17672451375
+17672456520
+17672450613
+17672453207
+17672459374
+17672458658
+17672451854
+17672458848
+17672454940
+17672451711
+17672454459
+17672456154
+17672450323
+17672459025
+17672455285
+17672457442
+17672459201
+17672453705
+17672451719
+17672456699
+17672455998
+17672459075
+17672450027
+17672455633
+17672450285
+17672450177
+17672454567
+17672450374
+17672458416
+17672450264
+17672456132
+17672459806
+17672450942
+17672450183
+17672452348
+17672455263
+17672458460
+17672452164
+17672457296
+17672457692
+17672459681
+17672453379
+17672453550
+17672451846
+17672453097
+17672451586
+17672451975
+17672456814
+17672451011
+17672452032
+17672453197
+17672455614
+17672457545
+17672451128
+17672455082
+17672459257
+17672453553
+17672457100
+17672457121
+17672458045
+17672455777
+17672455492
+17672450059
+17672452230
+17672456790
+17672454230
+17672459161
+17672451437
+17672459089
+17672450435
+17672457894
+17672459547
+17672451510
+17672459385
+17672451843
+17672458864
+17672454589
+17672457577
+17672454487
+17672458544
+17672451579
+17672459403
+17672457955
+17672452685
+17672452699
+17672450569
+17672456877
+17672455247
+17672451230
+17672457859
+17672452091
+17672456622
+17672451366
+17672458830
+17672456723
+17672454326
+17672453778
+17672459011
+17672452175
+17672451768
+17672451060
+17672454103
+17672453330
+17672451127
+17672450944
+17672453517
+17672459420
+17672452446
+17672453847
+17672454073
+17672453689
+17672454336
+17672451157
+17672450562
+17672458244
+17672456399
+17672452611
+17672459489
+17672459507
+17672453436
+17672454146
+17672451656
+17672454792
+17672452951
+17672456493
+17672453811
+17672450000
+17672459502
+17672450442
+17672454426
+17672457562
+17672452818
+17672457345
+17672454929
+17672457135
+17672450067
+17672452147
+17672450590
+17672457723
+17672454788
+17672451820
+17672454563
+17672456974
+17672451244
+17672452904
+17672454098
+17672453958
+17672450590
+17672455548
+17672455238
+17672459895
+17672455218
+17672456101
+17672453760
+17672454002
+17672456880
+17672459138
+17672454481
+17672458190
+17672454715
+17672456846
+17672451357
+17672451045
+17672459165
+17672457012
+17672456228
+17672451147
+17672451530
+17672459493
+17672457625
+17672454114
+17672454112
+17672450790
+17672452843
+17672456707
+17672458819
+17672453781
+17672455058
+17672454945
+17672455688
+17672459609
+17672451251
+17672454702
+17672454949
+17672450217
+17672453600
+17672453947
+17672451714
+17672457401
+17672456560
+17672450865
+17672450749
+17672454631
+17672457814
+17672452630
+17672456129
+17672457928
+17672450488
+17672450224
+17672452898
+17672453395
+17672458280
+17672458178
+17672455769
+17672452872
+17672450654
+17672456825
+17672451282
+17672457884
+17672450191
+17672458781
+17672453250
+17672458124
+17672450274
+17672452744
+17672453744
+17672453754
+17672452964
+17672454401
+17672450887
+17672458007
+17672456507
+17672451931
+17672450639
+17672459930
+17672457415
+17672458365
+17672451892
+17672459570
+17672453204
+17672456599
+17672457746
+17672456299
+17672459501
+17672459231
+17672453893
+17672455531
+17672455506
+17672457802
+17672454737
+17672458022
+17672457498
+17672451815
+17672453191
+17672452187
+17672452101
+17672457039
+17672452278
+17672459833
+17672454814
+17672451501
+17672454228
+17672454825
+17672459259
+17672457368
+17672457053
+17672450533
+17672458027
+17672454758
+17672458040
+17672458563
+17672456392
+17672450126
+17672453747
+17672459704
+17672450897
+17672451667
+17672451040
+17672456658
+17672454638
+17672457703
+17672454456
+17672454410
+17672456292
+17672459714
+17672452361
+17672452331
+17672451363
+17672450045
+17672457054
+17672458682
+17672453444
+17672455160
+17672450605
+17672452599
+17672456841
+17672450252
+17672455384
+17672458427
+17672456110
+17672459206
+17672452951
+17672452063
+17672458562
+17672457729
+17672458732
+17672458296
+17672459120
+17672459527
+17672458704
+17672451081
+17672458091
+17672457332
+17672457115
+17672452695
+17672451344
+17672454481
+17672457550
+17672453065
+17672455555
+17672455132
+17672455671
+17672454615
+17672457403
+17672454514
+17672456219
+17672453733
+17672455583
+17672455912
+17672459434
+17672455755
+17672454874
+17672455091
+17672451062
+17672454231
+17672455592
+17672450066
+17672456842
+17672453753
+17672457513
+17672457642
+17672454210
+17672455978
+17672454057
+17672458726
+17672455734
+17672456418
+17672456898
+17672455212
+17672450590
+17672452217
+17672455548
+17672454021
+17672453698
+17672451619
+17672451784
+17672451469
+17672459402
+17672458774
+17672453161
+17672457015
+17672454026
+17672455669
+17672452308
+17672459248
+17672450756
+17672458764
+17672453020
+17672450459
+17672453346
+17672456610
+17672455909
+17672459790
+17672452201
+17672454174
+17672451098
+17672455654
+17672451369
+17672454037
+17672454064
+17672458584
+17672459865
+17672450142
+17672457326
+17672455416
+17672452893
+17672458022
+17672458707
+17672451152
+17672451396
+17672455981
+17672456186
+17672451561
+17672452088
+17672450070
+17672459073
+17672457277
+17672458088
+17672452973
+17672450076
+17672454202
+17672451544
+17672459182
+17672454400
+17672457100
+17672455613
+17672453448
+17672457818
+17672452313
+17672458335
+17672451692
+17672452535
+17672451228
+17672455725
+17672454090
+17672456441
+17672454590
+17672452414
+17672456339
+17672452394
+17672457205
+17672451934
+17672452048
+17672455021
+17672458206
+17672454420
+17672457063
+17672453466
+17672458301
+17672455271
+17672457668
+17672450233
+17672451032
+17672454292
+17672451521
+17672453450
+17672453250
+17672457545
+17672454197
+17672450767
+17672457980
+17672459318
+17672451933
+17672450955
+17672458204
+17672454644
+17672457173
+17672453162
+17672453251
+17672451087
+17672457050
+17672451541
+17672455802
+17672457467
+17672453998
+17672459759
+17672456606
+17672450776
+17672454862
+17672451152
+17672452117
+17672456665
+17672450678
